8768, 6389, 2313, 1790, 9945, 5815, 6017, 2044, 3854, 3503
9362, 5697, 8161, 253, 7793, 9123, 346, 1902, 4176, 9383
3173, 7726, 1515, 6979, 7785, 881, 2661, 4907, 1250, 1814
7473, 7388, 9102, 4378, 1950, 4914, 6718, 9759, 8799, 3587
8454, 3345, 6983, 1622, 5898, 8935, 1562, 8528, 6144, 7397
4359, 3186, 8462, 6108, 5414, 885, 5271, 6878, 8674, 954
6830, 4486, 1575, 9570, 8115, 4535, 2025, 9609, 9437, 8086
1216, 9911, 6027, 7166, 8927, 1659, 7497, 1276, 7196, 6801
6404, 9211, 199, 205, 4002, 79, 3733, 3899, 2840, 7222
919, 6784, 2647, 1717, 7273, 1999, 5079, 2420, 8986, 9546
8548, 3869, 2031, 5305, 4495, 675, 4111, 4657, 7661, 2069
255, 5377, 5447, 8772, 3230, 6331, 7486, 1386, 8945, 4171
9538, 5089, 7742, 8984, 3748, 6143, 5021, 846, 9347, 4813
9554, 9550, 8856, 3080, 129, 5345, 7127, 7181, 6172, 758
8289, 1507, 1981, 794, 787, 1333, 9348, 4040, 2645, 347
7705, 4988, 1376, 1588, 825, 9689, 485, 9032, 7349, 2506
4422, 6191, 2006, 8285, 5123, 9665, 3726, 2909, 4795, 5847
7366, 3759, 3233, 3284, 4447, 7420, 7823, 9020, 9763, 57
4099, 5681, 7260, 3376, 4283, 7293, 2458, 2703, 5617, 5130
2809, 123, 4044, 6936, 1180, 2006, 7856, 3375, 2746, 2524
7060, 5597, 4901, 2688, 7110, 9951, 4320, 1945, 5134, 1080
8129, 6355, 6050, 926, 9895, 730, 8943, 3876, 7784, 1294
8444, 9995, 1984, 4986, 5702, 186, 2235, 3189, 8887, 2293
6723, 9321, 55, 7701, 1816, 7921, 1998, 9863, 2187, 1733
9801, 7211, 8465, 7352, 1241, 8057, 7867, 3404, 8819, 3278
2853, 4832, 1298, 8856, 9588, 4142, 2096, 3135, 9787, 2905
8277, 8097, 4827, 715, 2116, 4734, 1503, 4314, 1747, 868
9362, 9360, 5625, 624, 8142, 8550, 1558, 1733, 3273, 210
9560, 8241, 3578, 7746, 1574, 4577, 3579, 9019, 9552, 7313
2218, 6425, 4453, 4246, 3017, 7655, 1765, 4493, 3479, 432
8824, 5834, 8620, 7012, 4553, 2381, 1997, 2656, 5663, 6379
1598, 6112, 5014, 1511, 966, 9856, 9972, 6797, 8409, 2882
9320, 8540, 5039, 5417, 2838, 4684, 9389, 7911, 2041, 6969
5128, 8730, 8029, 5009, 5019, 6699, 8465, 378, 8643, 740
8688, 4188, 9085, 8858, 1836, 7111, 5858, 9034, 7735, 4383
5515, 5487, 4192, 7591, 9583, 8600, 5221, 5016, 6470, 8633
837, 5320, 4221, 7462, 9596, 7443, 3926, 8005, 8257, 8858
9668, 7715, 6017, 7596, 9014, 2667, 3953, 4370, 712, 685
197, 5068, 8890, 6086, 454, 1123, 1572, 1659, 9579, 3021
3023, 7741, 6161, 6402, 9650, 6240, 7607, 2038, 1422, 9680
9439, 5886, 9632, 4688, 1123, 9599, 5596, 4773, 7009, 2272
9022, 127, 7331, 4714, 1462, 205, 2382, 2616, 2424, 9872
1214, 8591, 8018, 1351, 3083, 684, 6549, 1815, 6944, 8876
6617, 8299, 1167, 2823, 7215, 5797, 3959, 6537, 6150, 7807
5448, 1588, 7715, 490, 4701, 2637, 4285, 4920, 5170, 4445
4723, 5920, 4228, 6618, 6909, 9736, 5311, 590, 8744, 2069
2397, 9863, 8214, 9829, 8298, 2178, 2467, 4057, 2671, 3524
7818, 8057, 4731, 8960, 4195, 7725, 77, 1443, 8689, 2298
7060, 639, 5161, 7988, 4534, 7138, 9327, 3612, 6718, 9662
7757, 1040, 1963, 6142, 3978, 2239, 5578, 5623, 2212, 2965
6201, 6833, 369, 2017, 980, 248, 4345, 9706, 5022, 806
140, 9964, 239, 1651, 5681, 5583, 7147, 459, 6432, 2816
837, 4868, 145, 8267, 3095, 4711, 6890, 2543, 6360, 7192
3591, 715, 674, 9516, 7553, 1081, 910, 2914, 8762, 2570
1712, 9883, 1723, 4823, 8342, 9215, 6596, 7227, 8418, 7257
7080, 9906, 5082, 37, 6104, 3376, 8358, 6364, 4046, 15
1267, 3473, 9515, 7778, 6966, 4302, 7321, 4291, 1394, 3252
2077, 882, 8173, 9058, 7495, 3148, 4513, 8083, 7945, 9589
9720, 7012, 9299, 9639, 6232, 4795, 9415, 8695, 4146, 4537
3784, 3064, 3465, 3216, 8223, 7359, 8156, 3919, 1549, 429
4404, 6007, 7752, 8993, 7357, 1812, 7052, 6684, 1243, 5397
8492, 4102, 843, 5746, 5585, 1031, 5591, 8009, 8345, 8181
7018, 2104, 1380, 7300, 8913, 586, 1060, 4450, 4212, 6978
7811, 3768, 904, 9464, 6878, 2119, 5178, 5502, 7785, 6184
1568, 8410, 6698, 8850, 6200, 408, 6749, 1001, 8884, 4523
6705, 9339, 4156, 3479, 7569, 2975, 4754, 3845, 3332, 6104
657, 6044, 9419, 6096, 3115, 2458, 3153, 6136, 7728, 2838
2914, 5696, 6344, 1684, 2661, 9878, 9378, 7804, 2833, 2453
2322, 2412, 1262, 6320, 3377, 3362, 4866, 2413, 5454, 5283
7003, 460, 8274, 4823, 8306, 2705, 7628, 2724, 8970, 6886
5788, 5884, 2857, 2051, 9436, 2519, 6975, 6632, 5986, 4364
7649, 4759, 2523, 4414, 3627, 8683, 7733, 3116, 6400, 4561
2519, 8074, 946, 3256, 5957, 5402, 9413, 1640, 3133, 4328
2827, 3198, 3286, 4176, 2222, 1730, 6270, 2804, 8248, 7790
6978, 2353, 6407, 3932, 3397, 8328, 489, 9925, 444, 1275
6742, 9084, 265, 5718, 4933, 4478, 4758, 6069, 2466, 1662
4940, 9107, 7712, 2831, 2648, 110, 5528, 9922, 7173, 3330
8313, 3006, 315, 3522, 9736, 8749, 526, 1614, 1207, 1622
4289, 7868, 450, 6705, 5184, 3371, 7318, 1754, 2566, 6874
7091, 1364, 8567, 2501, 8769, 8079, 8886, 6428, 5536, 1138
6746, 5560, 3530, 4100, 4099, 4173, 4323, 6346, 3050, 6347
9928, 6357, 4860, 3497, 6826, 7912, 5143, 8235, 7738, 6353
778, 8653, 4781, 5093, 611, 787, 7126, 7899, 5444, 8747
480, 8275, 6037, 6324, 7790, 3091, 1912, 693, 637, 1853
5241, 4613, 3573, 6697, 9157, 419, 5318, 9717, 9847, 325
3853, 5061, 4776, 9912, 1172, 8538, 9325, 3218, 5805, 687
7757, 6155, 3556, 7748, 2470, 4417, 8224, 3239, 5932, 6443
2091, 9863, 1023, 5818, 7129, 2925, 3477, 3234, 5087, 1015
979, 4746, 4298, 5746, 3208, 9976, 9384, 6952, 5498, 6742
5429, 9123, 3204, 2390, 213, 9897, 177, 6956, 7999, 9565
3599, 567, 8381, 7238, 2620, 5950, 5663, 370, 8440, 7782
4298, 3296, 4956, 3612, 9467, 3007, 5849, 612, 3302, 5804
9144, 8095, 2931, 7419, 4733, 724, 1034, 3828, 5134, 4839
1467, 4550, 3515, 7162, 3443, 3604, 8456, 3223, 5520, 6727
1400, 7008, 7156, 7235, 3696, 7713, 2989, 8488, 6161, 4116
2042, 1117, 2392, 8298, 4055, 3773, 3154, 8553, 7641, 6572
75, 4292, 5929, 1331, 8362, 1640, 2797, 8685, 5363, 1409
7847, 6846, 2964, 8245, 1293, 2751, 896, 3622, 8824, 2431
710, 4530, 4701, 482, 281, 8623, 6765, 3576, 602, 8145
6810, 9962, 6739, 8277, 1693, 4413, 3599, 5521, 3291, 8036
5691, 6731, 4055, 6886, 3096, 5754, 1094, 7238, 1977, 1684
8409, 6145, 1191, 9666, 6332, 7317, 7907, 127, 6276, 3227
1906, 1604, 6221, 8429, 8759, 6970, 7420, 7214, 3672, 4641
6690, 560, 4365, 3262, 7337, 1197, 5747, 8756, 1524, 7441
6488, 9433, 124, 253, 7411, 8357, 718, 3858, 740, 6096
2748, 6293, 344, 5078, 1599, 8547, 6985, 553, 9926, 6242
351, 4298, 2994, 8829, 1294, 8231, 1530, 8303, 8636, 8625
7472, 9038, 7115, 6694, 8380, 908, 2952, 293, 6, 71
2233, 8309, 9224, 6101, 1207, 9500, 3547, 8178, 6706, 7823
3941, 5568, 6046, 5117, 3098, 6139, 527, 4743, 6582, 8052
132, 1098, 4957, 1893, 2605, 5566, 1711, 5550, 9632, 3117
2601, 9190, 8689, 615, 5652, 1487, 4628, 2969, 3767, 5891
8881, 3306, 5313, 1845, 5403, 3541, 7508, 9203, 5193, 6957
935, 6225, 1661, 4170, 925, 2004, 6439, 2096, 4849, 4320
3451, 8558, 2930, 8801, 4465, 6671, 4002, 7208, 3605, 6512
1461, 7211, 6535, 2997, 5923, 7353, 1356, 8674, 8112, 1120
1553, 2124, 7537, 5734, 7865, 8627, 8717, 2128, 3332, 3262
5660, 4758, 6261, 7212, 4136, 8715, 9101, 442, 1295, 5741
8823, 48, 5769, 1481, 2639, 3790, 9696, 4579, 8081, 8477
629, 4214, 4673, 6516, 8600, 7920, 378, 7493, 6646, 6089
3428, 8629, 155, 5354, 5135, 2951, 1537, 652, 2950, 5711
3731, 1112, 2271, 1154, 830, 551, 7404, 1244, 5213, 2119
8244, 1585, 7293, 6821, 3040, 7992, 9016, 8467, 5041, 5111
5353, 8060, 9078, 7549, 5093, 1321, 7055, 841, 6225, 1424
8416, 4442, 3934, 4271, 1298, 7036, 1522, 8707, 7823, 9900
8410, 4415, 627, 8799, 2760, 4677, 6614, 4971, 9223, 9852
1753, 7586, 4973, 1253, 5342, 3237, 8684, 174, 3668, 77
4584, 5645, 4496, 4074, 9721, 4327, 8300, 7914, 5382, 7968
1856, 5553, 3368, 7044, 3134, 2444, 3629, 8889, 5721, 7427
4357, 5835, 5346, 4919, 7493, 8043, 7570, 3935, 186, 4057
7771, 4503, 4834, 547, 2669, 8152, 7666, 7486, 6808, 6677
4988, 9859, 9205, 1369, 4127, 3782, 2643, 5045, 6735, 9238
8340, 3361, 2224, 2749, 4433, 3790, 7102, 9715, 2932, 876
5721, 6177, 6303, 4949, 829, 8353, 2737, 8360, 2951, 7121
1834, 8807, 7463, 6680, 4233, 1586, 5136, 9498, 2649, 6527
1922, 2924, 5009, 163, 718, 6349, 2010, 1983, 6680, 2701
6682, 4259, 9197, 4514, 8582, 6975, 8784, 1270, 7412, 6985
9745, 3263, 4910, 8726, 1070, 1423, 1468, 9230, 2962, 5670
7482, 8923, 1319, 758, 3592, 7176, 2898, 80, 5729, 876
6606, 6806, 1701, 1225, 1780, 3090, 6552, 8588, 6067, 2332
9818, 4830, 3152, 2970, 8755, 5819, 5400, 1744, 921, 6139
6169, 335, 8405, 4782, 5789, 3365, 594, 1818, 9166, 8155
9998, 3838, 2148, 4576, 880, 5447, 1938, 2478, 1236, 3639
4442, 1696, 5155, 8027, 3878, 673, 9182, 1727, 9761, 3528
1095, 4857, 8219, 5281, 973, 1474, 7424, 6477, 2154, 9380
6256, 6046, 2063, 4770, 6311, 895, 2309, 7461, 3391, 2523
4403, 5548, 9579, 103, 4231, 2521, 813, 123, 7528, 6608
94, 4407, 9899, 351, 5866, 3808, 3979, 3563, 2800, 8807
9515, 4671, 4756, 5131, 9304, 3984, 7649, 7228, 8094, 5100
1984, 8565, 8196, 9287, 5563, 4324, 9711, 2157, 3443, 264
276, 1715, 7848, 8397, 6439, 6376, 1448, 3246, 4599, 9694
1783, 6351, 1869, 7152, 2099, 8634, 6221, 5844, 5780, 6001
7626, 9825, 3471, 1748, 3934, 4719, 6422, 5339, 7661, 5594
352, 3674, 2964, 4124, 7617, 4104, 6297, 7464, 4060, 4490
1094, 2230, 4476, 935, 3434, 2652, 3620, 9030, 2080, 126
6657, 2225, 9827, 1999, 9530, 4645, 1477, 8969, 3051, 9416
687, 9581, 4703, 9034, 5205, 4942, 567, 3890, 9920, 6324
1845, 5113, 2925, 3767, 1303, 4116, 9558, 5483, 8930, 6514
265, 4578, 3467, 2819, 3626, 2471, 9113, 8762, 7631, 3138
6384, 6100, 9706, 4994, 8627, 8066, 7703, 7946, 1255, 7636
3261, 4187, 464, 4932, 3813, 892, 1514, 7997, 7278, 9780
7848, 2411, 3886, 387, 2672, 4925, 4108, 2872, 883, 8231
8045, 4373, 300, 4052, 983, 7733, 5742, 903, 7814, 2142
5743, 7671, 9867, 6914, 321, 8046, 2552, 2269, 9809, 7214
1655, 9941, 7160, 9024, 5393, 3122, 2791, 1432, 8994, 3586
3869, 6315, 9343, 830, 5659, 8717, 1006, 4939, 8731, 9568
1720, 3824, 6520, 958, 9354, 1738, 4965, 1989, 9208, 5347
4177, 795, 7824, 2324, 5655, 9611, 3056, 4769, 1050, 7178
2451, 6620, 183, 2929, 1562, 9741, 7773, 3820, 9951, 3677
3733, 2056, 4799, 8047, 6314, 6088, 4332, 9871, 6329, 8323
639, 8380, 4918, 6844, 4904, 5633, 1585, 1018, 1760, 5825
8087, 7506, 7811, 823, 4969, 9548, 238, 8899, 9077, 8483
2228, 8918, 3730, 9482, 5908, 1710, 5823, 4424, 8510, 6544
9319, 9293, 7260, 7328, 3727, 7947, 6748, 1417, 8187, 8421
2949, 7512, 8577, 7380, 2763, 6688, 4170, 2560, 3828, 1342
3513, 8081, 6219, 7428, 4192, 4970, 8386, 5995, 165, 6057
5155, 1465, 1572, 5068, 6431, 589, 8508, 6866, 3745, 4112
8, 1160, 8748, 667, 8115, 4755, 9389, 4419, 7304, 7480
5534, 1392, 954, 4829, 9150, 5363, 5766, 388, 1806, 473
3497, 7108, 9240, 6190, 116, 9847, 5679, 668, 7560, 5066
9160, 5892, 6495, 7270, 6693, 1798, 2518, 7955, 9174, 3063
8429, 2805, 81, 7502, 3305, 5361, 1626, 2912, 6426, 501
8837, 2745, 3668, 9881, 7503, 8332, 205, 777, 5101, 7428
9150, 5056, 8303, 4516, 4508, 3345, 7535, 7126, 5957, 7068
2686, 4546, 640, 3201, 4055, 4330, 98, 3230, 1027, 5528
8812, 3356, 6012, 532, 9820, 5422, 4808, 7573, 5627, 998
4542, 1498, 6601, 8503, 925, 9198, 7339, 1049, 5525, 3149
4498, 6499, 2106, 1557, 9448, 9605, 6595, 9028, 4379, 739
9031, 2659, 8537, 9932, 9608, 775, 2232, 3396, 9373, 2999
6816, 660, 2620, 8289, 4360, 6876, 6696, 2161, 8008, 432
6529, 6722, 8170, 4751, 5523, 9216, 7790, 7438, 9605, 7617
6157, 6468, 4539, 3882, 1288, 4528, 5709, 7061, 3449, 9842
2324, 7158, 487, 7683, 1141, 3443, 342, 6902, 8743, 4828
2405, 1373, 9531, 4149, 8928, 6712, 1623, 2910, 1158, 9448
9753, 462, 7185, 4675, 333, 2414, 6346, 5043, 8132, 5255
1695, 9992, 3862, 4180, 3420, 4663, 6657, 486, 6081, 1812
5655, 1701, 5207, 6818, 2575, 1058, 4713, 5222, 1759, 9193
8761, 6551, 4825, 8245, 7963, 8878, 3891, 3989, 4833, 1385
5351, 9018, 5220, 3888, 5514, 6308, 7463, 9380, 3537, 3767
6172, 9209, 9226, 7672, 6192, 8827, 938, 3997, 7147, 2522
5380, 3635, 612, 1151, 5951, 7270, 5885, 6218, 8831, 8989
1976, 4239, 9146, 5974, 8616, 9815, 3894, 4993, 4836, 9926
792, 8635, 8321, 9619, 4770, 8879, 9046, 5003, 480, 2091
8323, 9643, 7480, 1185, 4889, 489, 5530, 3245, 4373, 6949
2067, 183, 7292, 5657, 7075, 6340, 7672, 6223, 7333, 2125
4156, 4939, 7129, 1325, 9732, 5814, 3115, 9321, 1393, 8354
6787, 4541, 2117, 6147, 8997, 1101, 4465, 2188, 2157, 572
1786, 7159, 7304, 2675, 3354, 3035, 4757, 3673, 5708, 6870
9577, 4234, 5129, 3604, 3923, 8363, 6900, 4559, 8018, 9048
3843, 9096, 5553, 7537, 2573, 3686, 8900, 2007, 8876, 1852
6755, 2993, 8753, 9165, 9280, 2728, 5443, 1719, 4917, 4792
2554, 3671, 2675, 3191, 131, 1030, 3028, 539, 6808, 8929
7840, 6656, 6601, 9402, 9067, 2966, 5075, 3046, 2727, 2379
3092, 1982, 9084, 2683, 1341, 5077, 6426, 2135, 9746, 6359
2198, 5182, 2169, 8144, 2705, 2325, 8758, 3104, 3508, 29
4976, 4573, 7035, 6605, 228, 7180, 5899, 4273, 6033, 825
4945, 3863, 7939, 9315, 5339, 4149, 5915, 2885, 3091, 1319
1698, 5285, 616, 6802, 3915, 9990, 9861, 1357, 6753, 946
6904, 3920, 7223, 2062, 2735, 347, 887, 3601, 8495, 8187
992, 7852, 7001, 5294, 7017, 2268, 500, 5652, 9257, 8865
960, 583, 3844, 7934, 1833, 1356, 3902, 2501, 3407, 5795
7768, 8798, 2572, 6057, 6738, 223, 7612, 232, 97, 6853
7308, 3558, 5344, 9698, 3189, 7442, 1638, 4073, 446, 8308
6669, 1898, 1215, 2207, 1155, 410, 2478, 4079, 9248, 7778
8930, 2870, 2518, 1036, 5696, 4343, 3247, 3175, 4238, 960
6540, 570, 8590, 6676, 7257, 2635, 3634, 4714, 766, 3679
2860, 8513, 2353, 9336, 1504, 4785, 9920, 6743, 4766, 8279
254, 9142, 4706, 6834, 5930, 9608, 5495, 7821, 4749, 5974
4593, 6424, 6707, 2730, 819, 2873, 9639, 5178, 5514, 8317
943, 8215, 859, 3919, 2696, 6967, 3412, 8962, 851, 1624
129, 1460, 3784, 4654, 7373, 8157, 3277, 7554, 7795, 2951
8957, 5285, 8572, 4922, 4839, 5818, 7118, 6818, 2437, 2381
9678, 6611, 6823, 8508, 502, 3500, 5069, 2502, 6356, 1576
5306, 6090, 8568, 1995, 4418, 2172, 855, 321, 6326, 1423
3304, 5730, 2777, 9472, 6335, 7525, 4368, 1073, 1468, 7953
5035, 4620, 699, 4778, 1430, 5933, 736, 8489, 7989, 9742
3358, 7939, 8572, 3412, 683, 2703, 820, 2540, 4535, 8350
2188, 7501, 5176, 3752, 9658, 2757, 99, 1913, 4231, 7938
3326, 4912, 2317, 7590, 1910, 7150, 1924, 296, 6150, 2805
483, 3961, 1834, 5329, 2289, 7662, 5045, 7192, 3764, 4453
1836, 8459, 6717, 4640, 9947, 4210, 8678, 4063, 6549, 4626
9818, 963, 8408, 1115, 177, 3954, 5392, 4921, 4759, 788
3912, 9531, 6506, 4546, 8739, 930, 9527, 481, 4449, 5812
3167, 674, 724, 4912, 5622, 3720, 874, 6856, 1908, 667
9550, 9253, 1679, 2856, 6182, 9166, 7892, 9991, 5177, 8698
6160, 9643, 3219, 6505, 78, 3587, 6873, 4399, 2474, 6948
4520, 3027, 3474, 1587, 4230, 6338, 9941, 7880, 8407, 8864
3567, 8666, 5978, 134, 4174, 4156, 9768, 1840, 8970, 5595
3108, 670, 2743, 6537, 4758, 3862, 7730, 5688, 566, 9165
7059, 7740, 1160, 1944, 5818, 4208, 9756, 5016, 5819, 3982
8785, 667, 2341, 2079, 6544, 9803, 9376, 8268, 3767, 1189
4124, 5951, 7368, 6951, 7683, 6281, 4203, 5258, 9475, 8601
5687, 5100, 2940, 1976, 7819, 9999, 8882, 4626, 3711, 6506
7007, 41, 1492, 8035, 2836, 9095, 7111, 4409, 6133, 8634
177, 2433, 5754, 7069, 7171, 924, 5608, 7933, 110, 4541
7602, 3719, 3304, 509, 8157, 1691, 7911, 4355, 4237, 3984
1456, 4303, 6690, 8690, 1548, 3603, 6766, 6163, 127, 8290
2963, 998, 2507, 9404, 1955, 282, 4770, 4618, 3917, 5597
5068, 6894, 9639, 1156, 2240, 1965, 2745, 9410, 6721, 9208
6872, 8368, 4571, 1893, 1521, 4286, 8902, 2980, 2047, 2311
6751, 6040, 5524, 9288, 6377, 5961, 9262, 8488, 6631, 4065
1192, 7234, 624, 7922, 3484, 7566, 4988, 9055, 641, 6394
7459, 8902, 3064, 7702, 1148, 5441, 6154, 6683, 2093, 7581
5006, 2640, 1234, 6688, 1560, 3544, 5442, 7868, 9597, 1911
5063, 119, 1664, 5003, 9824, 2330, 8619, 6984, 3915, 6235
8557, 865, 4923, 8061, 5243, 6619, 1892, 6243, 3333, 7183
7758, 9585, 3284, 2376, 3349, 1842, 8195, 1744, 7616, 8633
8274, 1703, 2099, 1897, 8510, 534, 1654, 6157, 8794, 4099
7427, 3349, 7699, 3528, 5678, 1955, 6699, 5536, 9998, 3292
9727, 7831, 2277, 3956, 1249, 9518, 2756, 9219, 6536, 4229
512, 8703, 263, 733, 7337, 9753, 4029, 60, 7317, 6126
8872, 8434, 8159, 1251, 4334, 9787, 5585, 4124, 8834, 4397
3505, 4911, 5783, 7107, 6528, 1288, 9245, 8083, 4182, 4619
1855, 6244, 9190, 6567, 9709, 160, 78, 8434, 7906, 1726
39, 549, 7648, 1057, 2470, 3309, 6511, 4926, 1219, 3270
3057, 5335, 8474, 794, 3705, 1830, 6148, 3030, 3350, 2410
2381, 4615, 4677, 6696, 1381, 6594, 5697, 6187, 2482, 1935
497, 2599, 85, 46, 7841, 1285, 3504, 4505, 1813, 3084
2313, 5585, 6521, 9154, 9108, 1662, 6595, 6781, 9444, 1206
2108, 9909, 6802, 3799, 5089, 9164, 4685, 5085, 1048, 9541
6986, 3625, 206, 8060, 5271, 9519, 5667, 8046, 8946, 9777
861, 5310, 7559, 9732, 4571, 302, 7910, 3770, 5894, 683
2312, 4062, 7571, 375, 9196, 8517, 9045, 5952, 293, 8949
7752, 6344, 5960, 7220, 2510, 3301, 1373, 5329, 1905, 4091
8814, 1586, 4508, 4032, 3529, 8540, 3697, 3387, 6308, 7788
2786, 6835, 6411, 9656, 8347, 9054, 5665, 1525, 8723, 4484
3506, 8823, 3267, 6322, 4540, 1012, 5736, 8480, 3643, 7834
9908, 5225, 9841, 7249, 8106, 5834, 3014, 7840, 7524, 75
3605, 3603, 9192, 4446, 1627, 1946, 4966, 1298, 2374, 2914
5699, 7689, 6778, 980, 9251, 538, 5188, 7386, 1053, 9336
6574, 4730, 907, 5224, 5262, 4320, 9658, 3060, 1666, 8853
7317, 1845, 6942, 6934, 5493, 3738, 7728, 6331, 5023, 1392
5826, 4800, 5747, 7573, 5015, 3292, 306, 3773, 8142, 6561
1803, 9380, 2385, 9431, 8743, 3212, 17, 323, 8269, 5004
3501, 392, 460, 7184, 2856, 6027, 4735, 2643, 492, 968
352, 406, 4507, 5148, 6948, 6149, 7882, 6895, 7982, 5201
4134, 4865, 4639, 2400, 6213, 9125, 1501, 295, 1570, 9861
118, 6133, 6314, 7054, 5780, 2608, 7389, 8678, 9244, 3356
5124, 8937, 283, 5966, 311, 2185, 7884, 7463, 2859, 3517
9418, 9805, 18, 9241, 1618, 4753, 398, 85, 1556, 4663
1999, 8785, 7722, 5073, 9145, 747, 3077, 1872, 2110, 8444
1281, 2265, 9302, 9143, 1705, 8283, 8146, 564, 8685, 7402
4357, 6516, 6097, 6427, 2101, 4498, 7640, 1647, 8834, 358
1608, 4551, 2341, 9324, 5814, 4803, 5579, 8186, 3405, 6333
5034, 7529, 6444, 5944, 6444, 8620, 6550, 1888, 3728, 2654
6646, 5901, 7394, 8839, 9949, 8100, 1281, 2934, 487, 2179
6143, 3187, 9589, 3438, 5341, 4324, 4790, 1593, 9765, 5272
6286, 1519, 8050, 9781, 8757, 5201, 2308, 1794, 331, 5800
4082, 145, 9895, 6404, 3583, 1753, 2547, 2207, 2458, 4411
5748, 8602, 4219, 6507, 6177, 8630, 2647, 9539, 2894, 4541
6822, 4622, 3451, 1476, 6397, 5862, 3971, 1542, 5578, 7883
636, 2766, 9098, 6670, 7908, 8956, 1073, 9459, 4042, 4869
6175, 3481, 3017, 4486, 5144, 7753, 7669, 5931, 252, 6208
8273, 4339, 3708, 3736, 3420, 8340, 5871, 140, 4559, 2707
1674, 633, 5632, 788, 1894, 2073, 4712, 4482, 8780, 6130
3563, 5564, 6791, 9362, 4536, 3507, 330, 8159, 6675, 161
9193, 5271, 5463, 9921, 4163, 8488, 9967, 9245, 1368, 7193
8899, 1114, 3857, 4969, 7056, 6205, 468, 9899, 8090, 2441
1448, 9032, 2875, 9795, 1742, 5375, 9331, 8172, 6143, 8656
6665, 2371, 9462, 4425, 9652, 6599, 7229, 3974, 7999, 7011
1745, 4520, 5187, 3099, 8475, 1293, 9988, 5862, 4301, 400
149, 4300, 9434, 4402, 7928, 51, 7371, 802, 2896, 6274
7793, 3534, 6800, 1995, 1802, 821, 5710, 4748, 3960, 1884
849, 3690, 4564, 1524, 4690, 9255, 6097, 2332, 7477, 6711
8274, 8201, 5695, 4537, 7919, 981, 9515, 7800, 6443, 5717
7672, 7370, 5203, 7596, 2269, 8246, 679, 1408, 2118, 7362
4995, 9900, 9832, 3522, 1385, 9163, 2497, 700, 8030, 9213
32, 7674, 6735, 792, 5063, 8716, 8587, 2165, 1133, 2029
6369, 2807, 1788, 9867, 6649, 5635, 9101, 30, 333, 6597
5423, 6380, 2310, 6258, 8496, 1179, 8496, 2420, 9127, 6780
9081, 3724, 5881, 574, 3240, 8406, 467, 4492, 9129, 475
7969, 5636, 917, 8017, 5527, 8935, 769, 6396, 3078, 7335
979, 5886, 736, 9271, 4066, 7501, 9396, 8315, 578, 1668
2656, 4651, 7712, 8764, 5950, 2473, 8950, 100, 3799, 6896
4096, 3568, 8288, 7168, 6899, 9229, 1359, 5632, 2142, 8289
6659, 4494, 1613, 7099, 5443, 4428, 9596, 4580, 6441, 1579
6890, 4073, 8016, 1540, 1684, 5211, 8027, 1031, 5734, 3573
3489, 8996, 5890, 6582, 3503, 5881, 4567, 1634, 7088, 91
4050, 2571, 3108, 1344, 2080, 1142, 9384, 8386, 4564, 2491
7366, 6964, 6655, 6065, 4307, 2185, 594, 2139, 9846, 5249
3880, 9602, 9359, 6183, 6783, 6605, 2813, 4135, 1236, 7619
1418, 9638, 9798, 9488, 4405, 2038, 1367, 7597, 8940, 586
369, 3939, 4933, 8417, 4446, 295, 2241, 656, 5545, 1224
6229, 9745, 2518, 5859, 5077, 9647, 4562, 2335, 6221, 6270
6329, 6924, 5933, 4942, 366, 974, 976, 3822, 3380, 7296
3714, 797, 1138, 65, 1066, 9533, 1984, 4582, 7997, 6136
1820, 7840, 1263, 1293, 8, 3749, 2103, 1997, 3152, 7223
4935, 3424, 2177, 7702, 2495, 577, 4222, 7570, 6043, 4518
192, 5569, 5436, 9465, 9888, 3940, 9232, 4666, 9915, 4132
5927, 562, 1873, 1780, 3433, 5630, 8765, 8614, 9801, 2713
7288, 8870, 8734, 7731, 4632, 7480, 8071, 7812, 3514, 8869
9185, 6569, 5918, 7586, 515, 1726, 1487, 9636, 902, 2609
7504, 4144, 743, 1258, 9472, 9040, 317, 8572, 2976, 8962
9879, 2247, 5860, 4040, 1349, 7408, 7831, 6408, 1376, 9725
6192, 7069, 7926, 3144, 896, 4891, 9840, 2417, 777, 7101
8762, 9989, 7330, 4883, 6189, 776, 356, 1366, 480, 2211
7060, 1300, 6063, 3444, 2122, 6001, 9378, 7720, 3404, 7312
2735, 6984, 9628, 184, 8420, 5081, 8063, 5301, 522, 3733
1351, 8906, 4090, 6188, 7525, 4488, 6394, 3711, 6608, 5954
7778, 788, 8214, 7398, 2076, 1288, 5016, 9671, 6063, 9757
8979, 8776, 6129, 9988, 5399, 2216, 8905, 5649, 1353, 5381
9831, 1852, 987, 49, 7179, 366, 8155, 6499, 7910, 8666
9543, 4544, 2847, 8723, 8190, 294, 7910, 5816, 2360, 3355
6507, 3124, 7169, 4170, 8039, 6436, 6423, 6308, 9580, 6692
4738, 4286, 8213, 8530, 3697, 1520, 1764, 8031, 9310, 5587
9348, 471, 6120, 129, 938, 2175, 3753, 3415, 8644, 6887
5749, 1946, 543, 6067, 7103, 7748, 3049, 3494, 121, 3435
6539, 8487, 1176, 4134, 2357, 526, 7254, 2740, 3203, 1464
9749, 8523, 7501, 463, 7327, 5597, 5603, 476, 3502, 6924
2608, 1364, 3993, 9679, 3524, 4923, 5455, 8851, 1655, 6117
1980, 6475, 5721, 3983, 8368, 6290, 9567, 4652, 8500, 767
3268, 2844, 1035, 4618, 8166, 2231, 833, 8081, 996, 4462
4370, 6609, 9314, 40, 1444, 5438, 6214, 7571, 1941, 5474
5425, 9756, 7598, 2405, 5832, 6142, 1284, 8926, 1958, 343
4960, 1230, 2802, 1893, 9278, 4883, 6839, 7935, 6813, 1752
6668, 9318, 1638, 6315, 1770, 366, 3007, 6279, 4348, 2456
5522, 524, 8132, 6486, 1588, 9769, 8190, 7560, 550, 9465
7360, 3886, 4892, 2234, 6328, 9597, 8, 3559, 8013, 8607
359, 2517, 8254, 7255, 1121, 3788, 9989, 2581, 5422, 4962
7080, 3790, 5918, 5956, 5409, 3613, 764, 7668, 9172, 1041
7795, 6530, 1910, 1442, 3689, 1565, 3569, 5825, 8700, 6715
2899, 1759, 9963, 7707, 986, 4575, 6855, 5500, 4570, 7400
337, 6520, 2718, 621, 4611, 6913, 9162, 6197, 945, 9597
8464, 5400, 9052, 7730, 9441, 6685, 2889, 2184, 3453, 9068
1516, 5495, 5084, 4142, 3411, 428, 4349, 9205, 731, 2680
6734, 7567, 8830, 9686, 231, 672, 6188, 2018, 2627, 4620
190, 5996, 1660, 7976, 8178, 8938, 1754, 3172, 9372, 1144
5786, 2363, 9358, 4415, 9561, 4263, 6121, 1046, 7628, 8029
9819, 9752, 1769, 62, 7800, 9268, 9339, 5949, 7557, 1197
5111, 5427, 5098, 5641, 6340, 2833, 388, 860, 8458, 5723
8025, 6661, 2016, 9269, 653, 1509, 4042, 5565, 751, 308
3678, 6624, 676, 5666, 6448, 66, 2512, 6348, 3935, 1132
8038, 3496, 5934, 4444, 9905, 2970, 1935, 1823, 558, 4282
8081, 3583, 1574, 168, 4721, 3539, 7329, 8433, 7717, 9916
262, 8748, 6648, 1376, 715, 3587, 1223, 1258, 732, 1449
6099, 3172, 7721, 9831, 7563, 3425, 6835, 8724, 2874, 8582
7262, 1135, 3205, 1421, 9631, 9848, 9219, 4211, 5071, 6792
451, 4550, 7700, 5200, 1303, 8547, 3271, 4660, 3786, 7970
1693, 3238, 3654, 1735, 177, 1385, 9572, 7364, 7405, 2232
2220, 4929, 2629, 2665, 1316, 3791, 409, 4925, 7488, 3266
4507, 5530, 9328, 7981, 3724, 6815, 7545, 8355, 6864, 9817
2934, 9491, 9720, 8403, 5065, 2163, 5269, 6678, 379, 3091
6812, 4885, 4609, 5209, 4186, 9385, 2702, 2108, 5861, 6334
7618, 7676, 8059, 9339, 2736, 1830, 2702, 8614, 724, 3761
816, 9848, 3998, 6406, 9486, 9060, 4944, 2727, 5694, 6780
7658, 3529, 9949, 656, 5216, 400, 2179, 1872, 6991, 4570
3501, 976, 1207, 7557, 9070, 3839, 9840, 5407, 6854, 660
1791, 6896, 3631, 2149, 5168, 8083, 82, 4209, 9588, 9467
2838, 853, 614, 9265, 7954, 8008, 5935, 2264, 9167, 186
3870, 8961, 1558, 3571, 1471, 1491, 7549, 6130, 2947, 5436
4244, 2929, 7882, 5851, 3425, 9535, 1145, 4552, 767, 9287
3528, 9211, 3463, 4258, 4467, 5062, 7069, 8267, 6241, 7700
1523, 9540, 7226, 4499, 1906, 5728, 7487, 7150, 4898, 9611
8051, 2914, 3894, 5206, 8700, 4070, 6018, 5978, 6006, 3108
9718, 8918, 4253, 5126, 930, 5697, 401, 5071, 2993, 3156
2466, 9106, 1227, 4254, 7633, 1771, 7372, 416, 1296, 9319
59, 5840, 4017, 7795, 604, 754, 9905, 1434, 1332, 7521
7247, 7223, 6727, 7096, 2226, 6962, 313, 4468, 4508, 9681
9222, 8963, 1736, 2282, 6097, 5737, 7406, 1659, 4716, 8742
7410, 1094, 2665, 96, 8663, 9685, 6753, 4778, 225, 3373
1736, 4028, 7702, 5571, 1478, 7370, 5675, 814, 7097, 9172
2063, 2904, 1484, 2056, 9893, 7934, 5065, 9419, 7166, 2673
334, 2641, 8879, 9493, 4204, 2734, 6039, 3837, 3848, 5403
5970, 9480, 9370, 9286, 6324, 3852, 3613, 1209, 8464, 8387
7265, 6195, 46, 9424, 3208, 5817, 9802, 7670, 4986, 5536
6352, 547, 1393, 7320, 8145, 9837, 2553, 3133, 1569, 2352
266, 3514, 4419, 3592, 8840, 9923, 4945, 7325, 7037, 7690
5341, 4354, 4007, 4840, 3430, 925, 5224, 7134, 1174, 2813
5139, 3319, 1425, 8429, 1729, 9606, 9498, 2847, 7688, 6299
3987, 3017, 8981, 1651, 8509, 3782, 9788, 4320, 3057, 6517
4652, 1451, 6137, 9380, 2796, 7044, 7445, 9336, 6468, 4276
1835, 5768, 9776, 8829, 7160, 4065, 8056, 5663, 8998, 9088
9995, 8183, 1766, 685, 9791, 8459, 6822, 5974, 2216, 3459
9464, 2386, 597, 3202, 4376, 1625, 562, 5690, 3426, 7032
9181, 2906, 6529, 7196, 7865, 4994, 1332, 9856, 9090, 9593
5922, 8526, 1036, 6994, 4196, 1113, 5116, 8701, 4617, 5757
2054, 7192, 8875, 5169, 5137, 4445, 4297, 5854, 2066, 5348
5285, 3879, 8623, 7068, 8604, 2536, 510, 5087, 9978, 4019
7261, 4759, 1347, 9895, 4345, 1731, 9801, 1729, 1539, 5558
4820, 2600, 8789, 8492, 2812, 9006, 8090, 6724, 3749, 5986
9680, 7486, 3266, 5279, 2393, 3465, 3281, 8554, 5072, 1897
7978, 2741, 5630, 1610, 5085, 5525, 4870, 9284, 4531, 2597
4237, 588, 1836, 6004, 4357, 4862, 2331, 3988, 6173, 5606
8014, 163, 1888, 5022, 8715, 1971, 427, 8409, 2451, 8686
2511, 3978, 6953, 7978, 7549, 1403, 8984, 4292, 8403, 4182
2278, 6886, 9402, 6259, 5775, 1475, 9889, 2461, 7339, 8264
9975, 1767, 2321, 3927, 9908, 5310, 1068, 8909, 9607, 8562
7747, 1107, 795, 2203, 2106, 6339, 8363, 1839, 3401, 1357
7586, 5389, 2043, 3908, 4819, 6395, 3044, 472, 7617, 7067
6558, 2857, 8789, 3465, 3705, 9580, 1438, 554, 1877, 8080
1393, 2661, 2079, 4406, 9601, 928, 9797, 495, 3771, 8754
4175, 6677, 6955, 6057, 4609, 1344, 9713, 5171, 3090, 639
7893, 6293, 3623, 1963, 9925, 1177, 7250, 6752, 1002, 9902
4851, 4454, 5162, 3866, 1648, 2529, 2808, 2988, 2704, 2910
4432, 7757, 8184, 7944, 1884, 7531, 2423, 8467, 3790, 9026
3042, 2551, 3193, 5679, 7044, 48, 4561, 8415, 2817, 9055
2927, 9351, 2458, 5647, 2691, 6983, 5888, 8115, 620, 6968
6032, 6851, 2259, 6616, 8570, 8084, 7038, 2108, 4983, 9972
2154, 7122, 6188, 2239, 7029, 5474, 1801, 1784, 9516, 4899
5164, 716, 9458, 4050, 8653, 9071, 3401, 1104, 2728, 4592
5981, 1711, 6949, 9115, 9541, 3825, 6679, 4053, 7868, 7230
5119, 4993, 7669, 6208, 5760, 5549, 6414, 9268, 1727, 7137
30, 187, 1256, 6099, 9630, 2513, 7518, 5042, 7140, 3692
9581, 945, 7310, 7055, 9238, 9677, 4035, 2056, 9919, 1647
3755, 1766, 8285, 3634, 1096, 3082, 8258, 9599, 396, 935
3379, 1153, 293, 9358, 1968, 8234, 4401, 3207, 8781, 3375
490, 1999, 7989, 6773, 1062, 3498, 2812, 6552, 7872, 7464
4466, 8966, 6539, 7124, 2471, 1167, 5456, 7471, 9403, 8058
2134, 4046, 9122, 4167, 7770, 9327, 7546, 5393, 2357, 1861
9716, 1434, 4062, 2625, 6031, 1317, 2463, 4477, 8822, 650
3481, 2463, 7698, 436, 2876, 1899, 9091, 42, 7745, 8121
7582, 2054, 4248, 9996, 4797, 728, 9957, 4536, 7023, 1654
1929, 4978, 7172, 9287, 9932, 9451, 5356, 2196, 2326, 4075
898, 7825, 1094, 7696, 3640, 3942, 2980, 3134, 5513, 6144
3641, 9023, 1618, 8815, 2479, 7202, 267, 1351, 4893, 1406
2281, 3080, 2758, 1642, 2908, 4701, 6534, 4074, 9722, 5276
6283, 9065, 3371, 2008, 638, 6852, 3103, 234, 8798, 9737
9845, 9226, 1263, 6377, 8200, 3038, 6687, 41, 7905, 3
4930, 339, 9281, 5961, 403, 2161, 4790, 2078, 4108, 3632
5425, 5851, 5021, 3009, 2700, 7755, 2688, 480, 4067, 8570
1723, 6454, 7415, 2057, 8382, 4560, 4071, 5516, 4019, 198
1778, 7583, 6817, 9992, 1846, 5936, 6441, 9047, 7794, 5275
6550, 6953, 9090, 9183, 8775, 7012, 1548, 7935, 7830, 1559
7782, 5482, 861, 1781, 8121, 5642, 9190, 2958, 4167, 115
5479, 467, 9017, 6222, 7167, 8257, 9779, 2610, 4316, 1152
9547, 7837, 2832, 8064, 2865, 5702, 9837, 6112, 1693, 5973
2842, 8306, 1083, 9194, 2576, 3621, 3963, 8370, 9244, 9583
2409, 4530, 3330, 5566, 6853, 448, 9397, 2935, 1442, 5573
6083, 1621, 4409, 428, 9811, 3052, 3422, 8932, 3874, 8369
2145, 6863, 6184, 6027, 6127, 4162, 8206, 5204, 9090, 1375
7562, 4467, 2417, 4235, 2809, 4251, 7097, 126, 3275, 4397
8099, 9267, 9879, 4391, 3931, 8906, 2826, 7589, 388, 6564
441, 3646, 2370, 6740, 8763, 8427, 3993, 368, 4415, 1158
4633, 7441, 3057, 1706, 2507, 4661, 3998, 589, 7989, 2735
6017, 5857, 5508, 430, 2715, 850, 5349, 7442, 2300, 9474
9095, 2049, 3050, 4605, 5734, 2552, 5422, 799, 3292, 9593
3097, 8777, 1654, 5418, 2181, 5250, 3007, 6931, 1002, 5171
2645, 6667, 3141, 986, 7737, 8475, 3123, 4802, 6508, 4002
4070, 275, 6281, 3656, 6092, 2310, 8624, 1717, 364, 7779
1953, 865, 4125, 3196, 3035, 3992, 9912, 2932, 6974, 3468
3328, 9518, 4939, 8699, 9816, 9940, 3605, 1535, 5884, 199
6492, 7409, 6036, 8772, 621, 5492, 5736, 625, 1421, 579
7197, 6440, 6896, 406, 2837, 910, 5796, 4362, 7544, 6787
5438, 340, 2842, 554, 813, 2331, 1770, 5958, 6244, 5968
1936, 3851, 9983, 6555, 7199, 5487, 9558, 9301, 8711, 3019
5737, 1298, 3127, 6432, 8748, 5955, 8199, 5478, 9997, 6251
4273, 4008, 6414, 311, 6233, 263, 306, 6447, 3792, 9143
1859, 2407, 9510, 2269, 4238, 7664, 3512, 6752, 322, 4046
902, 4948, 4285, 9355, 597, 8404, 2438, 6918, 2497, 4887
5868, 529, 5378, 716, 4507, 5050, 672, 1953, 8621, 3005
8565, 303, 234, 4115, 2291, 8447, 950, 8390, 8084, 3221
2639, 6166, 2826, 7818, 7384, 6025, 4946, 5172, 2897, 5821
7906, 9801, 8668, 7255, 1791, 9595, 245, 3065, 7846, 1623
3905, 5759, 9527, 3029, 555, 709, 3694, 6426, 1618, 3493
2890, 9876, 252, 9899, 1209, 1731, 5531, 9379, 2050, 3940
1005, 2248, 4932, 885, 4040, 247, 9801, 150, 7858, 578
3720, 8229, 7814, 3739, 5765, 6006, 7051, 7214, 6963, 637
7280, 4889, 5419, 9656, 1475, 677, 9401, 4886, 4101, 620
7226, 2204, 1274, 2539, 6004, 3317, 3173, 8035, 7486, 2824
5336, 5789, 3051, 7076, 6293, 5308, 3471, 5909, 5402, 9682
7658, 5781, 3617, 8526, 5730, 5637, 6569, 596, 3936, 4854
7809, 5598, 5733, 4025, 9668, 5407, 5032, 2389, 8434, 9451
8555, 5227, 7387, 5298, 4585, 8573, 9428, 5904, 7571, 4644
9658, 1749, 7479, 2514, 7684, 5475, 4956, 2613, 8283, 4353
9762, 1973, 6097, 5324, 9737, 9416, 4683, 212, 7642, 3190
3893, 2718, 4925, 348, 3805, 5182, 6720, 7466, 7607, 2905
4041, 364, 5655, 8638, 8425, 7550, 5459, 7913, 8458, 5637
1298, 3369, 2533, 6817, 1541, 4659, 5250, 5451, 609, 8303
8161, 6397, 9494, 9995, 987, 3132, 6395, 8576, 831, 9403
2005, 3076, 1902, 6312, 3711, 733, 2634, 2046, 3874, 8959
7479, 4354, 1026, 1337, 7030, 3229, 1963, 575, 7766, 6018
6155, 5353, 7897, 7551, 238, 3344, 7932, 2855, 9506, 157
8956, 7194, 9095, 4994, 6121, 3655, 3441, 7722, 9080, 410
2942, 8354, 7441, 2232, 8307, 5338, 6022, 9323, 3350, 5894
8929, 7709, 2441, 1859, 7785, 1115, 4746, 651, 9155, 9886
5334, 9039, 2474, 4140, 7136, 7159, 9873, 1052, 2521, 9
527, 157, 7795, 6052, 2523, 8365, 8901, 1305, 5749, 621
9003, 6401, 2959, 3472, 5776, 1314, 2484, 4127, 2488, 4676
2208, 3804, 5635, 3964, 9866, 7181, 6260, 9534, 698, 5597
7989, 1295, 6856, 3638, 4424, 2792, 6115, 7313, 9836, 635
7017, 8581, 8373, 3122, 1353, 8861, 5236, 9249, 2527, 8688
2865, 8582, 8286, 6226, 7498, 3210, 6967, 9471, 4110, 3887
1022, 5001, 6021, 3602, 6564, 4060, 1726, 9657, 940, 9166
6288, 2739, 9785, 6203, 7309, 761, 5615, 2637, 1271, 9256
4604, 3570, 7844, 503, 94, 4436, 6831, 3171, 1947, 3788
4307, 4545, 3701, 8768, 7937, 9120, 45, 9599, 2645, 7057
4342, 136, 9539, 94, 7865, 7832, 6113, 2180, 5832, 5979
4175, 9417, 5846, 6572, 9441, 2131, 7287, 2116, 4482, 5872
6267, 1220, 9144, 7126, 1478, 5086, 6747, 985, 3969, 2827
2977, 3520, 9862, 3536, 2120, 3275, 4922, 2473, 9771, 4694
2930, 5019, 2791, 6974, 3132, 6188, 5041, 5748, 9478, 6642
2832, 5613, 7724, 8842, 1702, 3085, 2210, 4097, 338, 3135
9941, 1925, 4495, 6127, 8925, 8812, 1824, 9154, 2800, 2520
3664, 8256, 3903, 3301, 2176, 9937, 7467, 7288, 8763, 3399
3029, 6953, 7492, 6071, 20, 1281, 9501, 7753, 2981, 9506
3144, 2200, 1112, 1832, 8086, 3162, 462, 3194, 8590, 9387
4445, 4930, 8637, 9263, 8927, 7246, 1161, 8699, 581, 3332
9503, 6303, 865, 2307, 1540, 3335, 399, 3310, 6380, 5531
3116, 5931, 8972, 9722, 7988, 7744, 1355, 7059, 7216, 5651
8276, 7, 7455, 4681, 2898, 1764, 3902, 9778, 6100, 4403
9469, 8178, 9548, 7518, 9224, 303, 4908, 6694, 9981, 2037
7010, 1642, 1828, 1827, 1756, 4717, 7889, 7914, 644, 2235
3909, 9995, 9730, 1394, 355, 1008, 9870, 4096, 5517, 3114
3760, 6422, 5028, 365, 869, 7603, 3012, 7511, 5665, 3720
9886, 2979, 6820, 9493, 2469, 5692, 7190, 813, 2624, 5494
3029, 5160, 705, 750, 3575, 4888, 9219, 4541, 384, 3002
7891, 5628, 9454, 3466, 3199, 4815, 7987, 8827, 8296, 5292
1702, 564, 1581, 3466, 3933, 7195, 2128, 7751, 8267, 7766
8832, 8491, 1564, 7887, 288, 1603, 5794, 7966, 8510, 9230
2294, 8767, 6159, 9108, 595, 9772, 5693, 1605, 4339, 8000
3886, 1002, 1975, 4310, 8746, 1575, 2041, 507, 9229, 9466
8483, 4307, 3245, 559, 3372, 6614, 9370, 9066, 5609, 5870
7588, 9319, 3922, 3707, 3345, 6316, 7129, 2812, 3115, 9657
6619, 1486, 22, 8955, 7840, 7732, 2956, 469, 9410, 9162
6819, 6330, 6989, 8356, 6480, 3291, 6231, 9361, 9965, 2147
3659, 9710, 8283, 3247, 1489, 7779, 8262, 3534, 590, 6693
3611, 6054, 845, 8054, 7503, 7939, 2090, 8501, 2491, 8418
9322, 6443, 4568, 6419, 9277, 2466, 209, 5058, 5160, 1273
5551, 3757, 354, 2092, 9730, 9862, 1733, 2029, 195, 6214
4241, 4081, 3083, 5690, 3112, 7707, 1695, 9335, 4148, 8180
2645, 8950, 5796, 8280, 6343, 5585, 8213, 5847, 638, 6344
861, 4903, 7771, 7926, 7663, 3412, 2962, 5685, 5904, 1987
7183, 3312, 4420, 5698, 8018, 8059, 5941, 7291, 3295, 1205
9190, 442, 2502, 198, 5477, 5592, 2731, 52, 5028, 391
4014, 3111, 1150, 3405, 3718, 2955, 3990, 9457, 2153, 1588
2346, 3632, 1557, 8602, 5409, 781, 3533, 5138, 8330, 9159
2643, 5335, 1318, 8297, 4061, 6714, 1295, 2104, 1846, 7569
9797, 2796, 5056, 3633, 9270, 6270, 4312, 2503, 7617, 7288
2541, 4240, 8659, 970, 2258, 7544, 1755, 4632, 729, 4492
6021, 9524, 4151, 224, 8207, 8654, 7558, 1627, 8553, 2813
8349, 7716, 1813, 108, 5228, 9287, 1878, 9722, 3296, 551
517, 1862, 6453, 8645, 5915, 857, 9518, 1604, 7389, 8166
3224, 3065, 9411, 9292, 3873, 4020, 2151, 1152, 3085, 3776
2674, 5215, 8845, 5077, 507, 26, 3850, 8568, 9795, 3986
7412, 3636, 8292, 6843, 5505, 563, 1185, 7095, 8062, 9804
7214, 788, 3478, 4966, 5705, 9982, 4476, 2577, 6403, 481
6683, 7412, 7871, 2195, 6189, 690, 6252, 6782, 3839, 3935
2023, 8692, 3577, 4454, 1066, 3614, 1528, 5813, 2188, 9533
7448, 903, 58, 324, 4237, 3353, 2127, 6495, 1763, 5439
7377, 9174, 8810, 6873, 2458, 6421, 442, 7267, 7629, 5636
1661, 296, 6030, 3146, 1210, 2790, 5264, 5175, 8380, 7742
6084, 6457, 6315, 3783, 1996, 5396, 165, 9552, 5566, 5352
7622, 7436, 9782, 6373, 7722, 9837, 1643, 7842, 1678, 1686
8396, 424, 859, 3217, 8917, 5111, 676, 9846, 4091, 9924
100, 1740, 1203, 9102, 3499, 7538, 4456, 4313, 3771, 1315
5902, 6298, 9037, 3791, 1864, 9935, 2527, 8784, 8667, 7955
3450, 4018, 8529, 8086, 8271, 3453, 7242, 4534, 2229, 8456
6306, 3467, 3049, 3904, 7017, 1169, 9742, 5680, 2988, 250
7088, 6176, 1807, 7693, 3984, 1511, 6100, 4092, 9529, 2188
1911, 8694, 4529, 9483, 2826, 6752, 3847, 4712, 9117, 4213
9759, 9917, 7213, 3270, 9596, 2914, 5470, 2002, 8209, 9440
7010, 1399, 9166, 9562, 7669, 3951, 7816, 7204, 5789, 3457
3294, 5269, 5916, 715, 1852, 8288, 9508, 9053, 8836, 5801
9091, 6560, 7982, 7881, 3419, 4411, 6658, 1139, 2726, 1063
7958, 138, 343, 6462, 8403, 4201, 5742, 626, 2908, 8201
3688, 2985, 2825, 3203, 8699, 4302, 5791, 3961, 6873, 8859
3619, 644, 2188, 7080, 9097, 4390, 8134, 5946, 1025, 9973
7043, 6632, 2326, 6928, 6391, 465, 3327, 9127, 5818, 5703
3073, 8779, 1027, 5378, 1957, 2457, 4600, 5333, 5660, 5149
5810, 772, 159, 6345, 3645, 3587, 8712, 7428, 3229, 8058
67, 4177, 272, 4079, 377, 6564, 1837, 5171, 7127, 7638
9444, 1219, 9072, 2449, 6285, 1034, 6527, 1784, 8472, 6461
1219, 8909, 7864, 3124, 6666, 3031, 627, 4986, 3787, 5938
4294, 5533, 7612, 3999, 5259, 2450, 4296, 8276, 4604, 1398
6369, 6609, 1033, 3681, 9636, 3793, 3642, 7564, 2205, 7975
5082, 7290, 5908, 8434, 5405, 6072, 6592, 6124, 6089, 5659
6071, 7913, 4445, 9793, 6042, 5314, 3515, 116, 3998, 5275
6489, 1873, 3815, 2079, 7992, 8637, 5914, 9990, 7086, 2823
9508, 3198, 5712, 5620, 3794, 5568, 7814, 2634, 4226, 604
5056, 198, 6592, 7923, 8349, 5276, 8767, 739, 1110, 9846
2849, 2213, 7246, 1183, 6543, 8959, 1331, 512, 9106, 3557
4678, 5008, 2679, 4390, 7916, 827, 9952, 7029, 2902, 6351
65, 2473, 1647, 7771, 9060, 378, 1420, 2573, 2360, 4224
9440, 9118, 7887, 9561, 1933, 3226, 6388, 9391, 8846, 1776
6493, 8125, 7471, 4179, 2595, 5154, 5916, 8873, 1204, 9857
230, 4423, 194, 683, 2323, 2417, 3423, 4260, 3751, 4795
6087, 5735, 1569, 5499, 2403, 955, 1315, 7989, 241, 4569
7100, 2983, 9057, 1561, 1963, 8783, 8266, 1473, 5521, 2343
2057, 7554, 7704, 9711, 4377, 37, 6406, 8563, 1185, 393
9757, 1714, 3549, 7571, 7886, 9648, 8543, 7135, 2451, 989
3824, 1611, 2201, 1141, 987, 7026, 834, 9990, 5760, 4072
6030, 5181, 3719, 7624, 2511, 4199, 3994, 984, 1925, 4213
4087, 9677, 8430, 2039, 3225, 5228, 2953, 55, 9889, 8090
2784, 6902, 3906, 7727, 3828, 1226, 5379, 303, 744, 1988
4275, 6470, 5051, 3800, 3891, 2982, 7081, 3772, 2342, 516
8933, 8589, 3090, 7386, 1007, 5920, 3091, 4849, 2647, 7977
4136, 6705, 807, 347, 1313, 7771, 6146, 6015, 8059, 8990
1908, 5513, 800, 200, 9857, 9176, 6181, 3436, 829, 9177
1544, 6787, 2730, 2734, 3122, 71, 5595, 6710, 9288, 8448
2521, 1800, 5130, 5409, 2980, 9588, 4041, 1328, 9315, 1500
9139, 7002, 9863, 5132, 2524, 4491, 7746, 150, 2411, 426
6379, 5429, 9534, 1243, 9460, 684, 9386, 6293, 3368, 55
4985, 133, 833, 3633, 427, 7639, 8983, 6313, 758, 6975
4161, 3736, 7691, 2519, 2098, 6319, 4664, 5621, 1179, 664
3427, 870, 8651, 9948, 602, 8415, 2320, 9541, 9946, 5976
1215, 8714, 5204, 7086, 6931, 7812, 9640, 4525, 5048, 6956
5469, 7198, 8487, 3077, 4407, 3171, 1697, 7731, 911, 8266
3723, 5097, 1113, 9604, 5583, 7094, 9944, 7576, 9839, 839
8035, 4328, 5238, 353, 7239, 4221, 3544, 6974, 7938, 813
2530, 806, 8233, 4547, 8804, 3843, 2171, 5657, 8352, 4890
5130, 7710, 3487, 1579, 4824, 6136, 9557, 883, 8479, 3301
5088, 5109, 9498, 434, 8153, 562, 2101, 9444, 4285, 1475
9877, 1530, 4796, 1203, 4824, 6256, 5991, 4453, 5219, 5849
5303, 1812, 5609, 3871, 9526, 3753, 5449, 5589, 239, 2144
5942, 6272, 8258, 5258, 4434, 1800, 6351, 9062, 4748, 7715
735, 329, 9098, 523, 3193, 457, 6642, 7440, 9358, 5890
4792, 2695, 3189, 5334, 2636, 5894, 3589, 4090, 1525, 8010
7439, 7100, 1629, 2384, 4313, 9561, 5045, 9989, 8757, 2687
2984, 7536, 7827, 2068, 9013, 5851, 5691, 7583, 4836, 3795
2083, 65, 8725, 8236, 5336, 8679, 1055, 2656, 9794, 4295
2325, 6095, 7229, 7536, 3813, 309, 3093, 4696, 7104, 286
476, 3596, 1531, 4439, 5490, 6297, 641, 4226, 7476, 1903
9933, 7851, 5221, 3592, 6012, 3440, 3410, 8158, 9370, 2153
4747, 4981, 6249, 2606, 5651, 6708, 4738, 4294, 3677, 3058
3986, 9586, 725, 7405, 9611, 8935, 3682, 7076, 5816, 2808
5540, 5532, 3349, 9460, 5037, 4042, 6322, 7507, 9112, 1459
47, 4127, 1095, 8523, 2270, 4605, 5835, 4625, 6698, 8200
6301, 1897, 3625, 7703, 9561, 1813, 2208, 4896, 6717, 1369
8393, 7392, 749, 1319, 597, 345, 7784, 5503, 3303, 4856
1105, 9716, 8722, 3571, 3147, 5948, 6802, 800, 2783, 9109
955, 5924, 3963, 6001, 5877, 2253, 4214, 5278, 1190, 3666
7117, 737, 7919, 3500, 5458, 8455, 5604, 4021, 7810, 5167
5429, 4656, 7895, 6895, 5567, 581, 2230, 8156, 4139, 229
3823, 6690, 4440, 6825, 3890, 8281, 9, 8102, 8938, 280
8321, 6164, 9284, 7179, 6744, 3315, 1735, 2613, 3181, 3394
4491, 2916, 9737, 3829, 9780, 707, 3428, 964, 6101, 8151
9690, 9772, 6176, 724, 2245, 4144, 6210, 7214, 1546, 9978
986, 4475, 3308, 5737, 8551, 8677, 3834, 1818, 3968, 9609
3949, 5041, 3787, 3396, 4636, 7147, 2453, 3492, 4574, 9135
9860, 3077, 4012, 8362, 4277, 1968, 5419, 9305, 2478, 2027
8613, 9049, 1905, 8968, 1481, 2857, 9357, 7804, 878, 2469
1512, 9482, 7109, 1703, 7670, 8175, 1822, 5253, 2097, 756
1022, 3115, 8604, 9985, 6630, 5702, 6154, 40, 42, 5697
1777, 4333, 4094, 2657, 7026, 683, 7350, 3504, 3299, 3538
5691, 9535, 904, 9991, 5140, 5210, 4606, 842, 5050, 9052
1542, 2060, 1587, 9989, 2495, 7993, 6881, 7942, 5027, 6291
2055, 7263, 2821, 5160, 3641, 9360, 8538, 1532, 4768, 8310
4487, 693, 8913, 5335, 3666, 6404, 4108, 2523, 7844, 4542
8950, 3094, 5060, 5441, 2609, 4800, 2763, 6352, 7162, 697
388, 4968, 2654, 5540, 495, 1417, 5938, 9397, 7980, 5818
5231, 6294, 4273, 8450, 5290, 4005, 1383, 5075, 5783, 8323
9864, 8346, 7612, 2503, 5726, 8176, 6645, 3589, 1537, 4942
5745, 6441, 7470, 8643, 8616, 4058, 4043, 1984, 1565, 7692
4384, 351, 3949, 9773, 2429, 7423, 8662, 5994, 9009, 9009
9687, 1045, 5748, 8742, 8935, 2107, 7989, 1182, 125, 6720
9002, 1944, 1669, 8018, 5241, 1645, 5992, 4505, 921, 7782
4331, 4631, 4840, 4959, 8307, 4473, 3496, 5267, 630, 3811
8981, 3281, 7143, 1062, 6493, 6114, 1801, 513, 5992, 4612
5594, 6302, 4019, 7465, 447, 1459, 8121, 970, 6078, 6129
445, 9218, 8175, 6544, 2744, 619, 8332, 7411, 3733, 6761
6070, 2996, 9349, 238, 5579, 5154, 5067, 22, 6081, 1150
4265, 4044, 151, 2156, 9518, 3003, 1495, 5048, 3027, 1964
4693, 1635, 5632, 2467, 9663, 133, 2576, 4038, 7026, 5576
448, 264, 227, 3937, 1706, 4445, 7332, 4597, 9957, 1761
7727, 9570, 3336, 1155, 8864, 1732, 1952, 6389, 9323, 9779
497, 5854, 9200, 7416, 1515, 9838, 5828, 1059, 6016, 5790
7547, 597, 2431, 7592, 3332, 4148, 4665, 8199, 2476, 9963
5590, 3974, 4779, 2752, 4951, 282, 7953, 2935, 5886, 604
2870, 4783, 8903, 864, 2297, 7033, 1601, 7250, 8275, 7895
3201, 5409, 125, 8797, 8752, 1000, 7622, 4855, 3891, 5378
6007, 8591, 4117, 4688, 5688, 6454, 2100, 8111, 3534, 8023
6963, 4314, 5307, 6714, 9563, 6175, 4379, 7166, 3300, 7401
6085, 2048, 5013, 7935, 8967, 4768, 4724, 9976, 8467, 7261
9343, 1666, 7313, 1597, 4697, 2392, 8017, 1614, 5650, 2810
131, 1629, 8427, 2084, 6582, 4659, 970, 7957, 225, 1869
4169, 3256, 4231, 5663, 970, 4477, 6122, 826, 9044, 777
421, 4368, 8202, 2315, 7222, 845, 2802, 9099, 5969, 1929
6826, 7588, 7277, 7518, 277, 8798, 8928, 3079, 6615, 1846
831, 885, 3929, 9707, 8070, 7708, 2510, 3302, 4023, 7626
2929, 3875, 390, 1842, 2132, 1549, 4165, 3901, 9992, 4794
6401, 6027, 1284, 1259, 969, 3814, 4434, 4286, 4369, 9490
6740, 2780, 5320, 7201, 2408, 4031, 8306, 6649, 2937, 2019
9187, 5249, 3497, 6230, 7330, 9052, 5492, 3919, 8459, 4505
3247, 5163, 135, 1673, 5949, 3507, 9585, 2447, 5249, 7459
4887, 4329, 8663, 3903, 4991, 5042, 6477, 7736, 9641, 5309
5914, 6520, 7201, 6705, 1070, 3095, 6733, 6406, 6893, 5730
1499, 7936, 7556, 8899, 75, 5508, 2850, 8798, 9252, 3317
2600, 6438, 1303, 6107, 3572, 5131, 3334, 3252, 6277, 7428
9181, 1796, 2866, 4462, 4800, 3429, 2704, 1096, 6380, 6990
1499, 5404, 2787, 343, 1724, 1171, 5927, 8489, 3556, 7631
7352, 7075, 2340, 1947, 7171, 5743, 7996, 6113, 5883, 9183
3058, 8199, 8641, 6982, 3315, 163, 1688, 8145, 4188, 3887
3702, 331, 4841, 7308, 2292, 1418, 2873, 4860, 4573, 532
6181, 7945, 6047, 9982, 9840, 5030, 4312, 4140, 9304, 2999
2145, 1693, 5273, 838, 5348, 7219, 8254, 5343, 5530, 2629
827, 5716, 9447, 7356, 3084, 7725, 6211, 3037, 5731, 9586
336, 5683, 1495, 813, 952, 2899, 8846, 6046, 7641, 8041
6107, 7618, 1003, 9062, 3346, 4836, 2931, 2809, 9611, 6095
5380, 1697, 7768, 1587, 408, 4292, 3408, 591, 8512, 9321
5984, 7350, 8756, 9212, 9582, 6946, 5518, 3265, 5201, 6797
2161, 3638, 4597, 2711, 2029, 7334, 5028, 2987, 6789, 6946
9931, 3694, 8562, 1674, 6552, 5965, 1923, 80, 9571, 7397
9410, 5199, 4631, 3674, 6519, 3659, 1651, 527, 6024, 7576
6316, 2194, 3334, 9526, 2487, 4406, 8204, 7825, 630, 9207
4564, 4815, 9997, 6461, 1938, 1949, 473, 1025, 2566, 5095
6383, 3785, 6666, 8350, 533, 2552, 3372, 1150, 5715, 1738
7655, 5792, 6443, 114, 5964, 2471, 7429, 3637, 1153, 4830
9693, 3395, 7904, 6300, 9798, 7288, 8744, 2789, 5830, 9289
7970, 9947, 1855, 2913, 6879, 2219, 9154, 3163, 1120, 6595
6372, 7957, 7742, 8542, 2347, 2967, 6740, 1595, 7814, 7526
9479, 1798, 4718, 7249, 9514, 6420, 6354, 3338, 3083, 5729
2367, 3193, 9069, 115, 6234, 3688, 7820, 5021, 2141, 3547
2099, 3390, 2634, 2131, 523, 8581, 4220, 116, 6732, 2533
7666, 4639, 5871, 682, 4109, 1935, 6723, 9497, 3297, 4140
5557, 8478, 17, 3776, 35, 471, 8232, 1183, 6421, 1140
8954, 9840, 8026, 7694, 6199, 9471, 8197, 5562, 3294, 9286
6688, 9244, 9102, 999, 3315, 9360, 5014, 6796, 7467, 9900
8379, 4016, 5462, 5697, 1767, 948, 8827, 6874, 2825, 8350
1098, 8798, 500, 9027, 6702, 6816, 8500, 2111, 8249, 133
1377, 6978, 1302, 5905, 240, 73, 2544, 7800, 1994, 5962
9326, 8084, 653, 8912, 9894, 9007, 9793, 6417, 918, 2236
1233, 7567, 2721, 4373, 876, 2914, 6369, 9566, 7864, 2591
3964, 5769, 363, 6423, 4027, 5966, 5125, 4145, 2738, 2894
5109, 1904, 5869, 4404, 6368, 7301, 5927, 7335, 9206, 5736
7112, 6305, 7294, 8051, 5260, 4389, 8729, 3547, 7347, 5404
9552, 1206, 210, 9319, 3319, 3968, 1335, 247, 671, 5468
3280, 2288, 2893, 9934, 2674, 516, 1725, 5079, 2851, 1317
3585, 7116, 2271, 3585, 3468, 118, 5706, 3336, 4716, 315
857, 45, 6031, 8417, 5776, 2042, 482, 6012, 3326, 3699
679, 6792, 8254, 3060, 7759, 7525, 5858, 5669, 6541, 9260
8138, 5936, 2234, 6931, 5589, 7833, 3291, 85, 6758, 1207
7119, 4613, 7097, 1488, 6397, 3819, 9225, 361, 3716, 925
1829, 7490, 6690, 8696, 1647, 1201, 6429, 4497, 4496, 6690
9162, 5042, 7053, 8903, 7813, 9566, 7154, 362, 208, 7443
378, 6914, 7899, 6212, 925, 1031, 5748, 6523, 292, 1466
140, 8343, 9752, 5931, 4005, 5248, 6382, 2024, 4349, 1410
7398, 1549, 125, 6390, 7237, 9784, 7174, 3757, 9594, 5788
6063, 3632, 6241, 4928, 3054, 1376, 8286, 5252, 6117, 2090
2656, 7569, 4499, 6789, 9912, 67, 1636, 7208, 5468, 3724
2239, 7797, 8864, 733, 4009, 1051, 6805, 6259, 8919, 7138
9040, 5591, 832, 2214, 3101, 1569, 4590, 8101, 5569, 7701
8630, 5407, 6116, 8939, 6405, 3091, 4850, 5183, 2354, 5626
4878, 8149, 6648, 8223, 3168, 8142, 9377, 1973, 4493, 7817
6929, 5939, 1469, 3576, 9838, 7576, 3328, 1177, 6866, 8166
6858, 7552, 6200, 3855, 4515, 7926, 3527, 2552, 8204, 8253
51, 2368, 1357, 7654, 4268, 9556, 6087, 1640, 8613, 5706
6053, 697, 6045, 9095, 6766, 2462, 110, 2033, 7029, 3211
4082, 9188, 7049, 1191, 1648, 9718, 290, 1706, 9377, 6228
2815, 9638, 9719, 4505, 5890, 1348, 8200, 7809, 4779, 1613
1264, 201, 8852, 5898, 7608, 7482, 4375, 7181, 5721, 700
8051, 9843, 8934, 5643, 9386, 7513, 6270, 1365, 6687, 1324
924, 1224, 8348, 436, 8263, 7421, 8421, 8361, 8964, 2321
6956, 6661, 1043, 737, 3959, 1496, 7324, 7045, 3081, 4695
1632, 7448, 6684, 63, 5019, 4828, 515, 529, 2290, 3687
3902, 9443, 2523, 6570, 4754, 5539, 6014, 4128, 7363, 2204
1825, 787, 5413, 3776, 3766, 2440, 6946, 6693, 4301, 9404
6355, 3109, 9387, 1475, 4354, 9111, 6097, 5532, 7194, 7028
6664, 5032, 9431, 4016, 5845, 4697, 2094, 5030, 8025, 9903
3867, 1874, 2891, 7513, 5184, 780, 4601, 2222, 1098, 2962
3492, 9186, 6675, 69, 1788, 4135, 9844, 6271, 8294, 8482
4757, 1452, 8563, 7351, 1598, 6175, 5011, 9004, 421, 7748
4407, 6545, 568, 8012, 4205, 3172, 2072, 8363, 150, 2845
473, 4835, 9489, 4487, 4584, 2638, 3530, 2738, 745, 9559
5616, 7134, 8243, 6515, 2059, 4161, 9885, 1119, 8981, 9111
4856, 3936, 9468, 26, 8675, 1195, 5003, 4819, 3312, 8359
6241, 7166, 6345, 1987, 8873, 1720, 8024, 2529, 4628, 7668
9940, 2972, 5652, 1821, 4255, 6951, 66, 8285, 3220, 2404
906, 3409, 9619, 7303, 5588, 315, 9447, 1622, 9563, 9282
744, 4701, 6918, 9447, 3752, 501, 6523, 1431, 2016, 3614
2643, 5, 9040, 47, 6622, 2150, 2237, 3349, 2926, 59
5885, 4819, 3587, 9655, 3886, 9557, 5315, 5987, 7727, 5862
8100, 1346, 1213, 5482, 4559, 5804, 9171, 6150, 8985, 2715
2052, 8344, 1700, 3629, 1445, 5083, 6495, 2361, 1935, 9205
841, 6614, 1725, 7869, 4800, 5323, 6680, 7793, 5552, 1673
2902, 7642, 4614, 8760, 9438, 2832, 2130, 6277, 7034, 4177
8364, 6191, 6794, 3728, 4590, 9947, 2678, 7479, 2995, 3585
7541, 5293, 7993, 3725, 3187, 6682, 9119, 1837, 6721, 3349
8375, 546, 5604, 3747, 1920, 3444, 2225, 3243, 4247, 5429
9787, 7787, 460, 791, 1598, 7768, 5975, 4862, 2605, 5748
9269, 1253, 248, 3612, 3760, 6157, 7780, 758, 7847, 3901
4742, 6010, 9337, 6735, 3825, 3842, 6640, 2574, 2013, 656
232, 8212, 2068, 5571, 9710, 4747, 1757, 7604, 9233, 1176
6546, 617, 4041, 9428, 5839, 3172, 7582, 6812, 4209, 9335
8625, 9864, 2465, 5709, 4400, 879, 9306, 5584, 6186, 2784
6912, 3756, 5537, 7643, 567, 3143, 2420, 1677, 9757, 3513
4520, 4275, 8608, 6654, 9218, 9281, 6125, 3548, 8476, 4342
1268, 454, 3823, 1940, 870, 1762, 4054, 8838, 7818, 9546
376, 2997, 9439, 8043, 40, 3701, 2842, 2638, 9038, 355
1971, 3890, 1767, 2988, 2076, 3122, 8022, 9622, 9144, 7897
9428, 3298, 508, 7019, 3499, 5652, 5377, 2593, 1196, 1733
5689, 2238, 4069, 433, 1555, 4472, 4014, 6549, 9986, 2111
6517, 6875, 2175, 9483, 9771, 2595, 3058, 6850, 6338, 5211
4125, 1579, 855, 3586, 8680, 4068, 4070, 1241, 6639, 8086
9119, 1481, 7948, 7238, 302, 7918, 8485, 4993, 4597, 3728
3194, 8824, 2340, 9643, 3642, 3183, 2652, 3344, 4491, 4119
5813, 5939, 7647, 7435, 6258, 3559, 1873, 1613, 4288, 1986
3380, 87, 1509, 8438, 1825, 9903, 308, 8836, 441, 2131
7668, 4720, 373, 6851, 3696, 4144, 9237, 7960, 9074, 6993
9794, 2437, 202, 1613, 1780, 581, 3996, 6947, 767, 5869
5211, 7846, 4260, 5858, 4632, 9538, 8775, 6938, 8208, 6957
1081, 2760, 8580, 981, 2179, 7179, 30, 484, 5374, 7932
4324, 1586, 2259, 8995, 4950, 7, 5051, 1331, 7605, 1731
5000, 5923, 8650, 8439, 6879, 4824, 7092, 1404, 6655, 4460
4337, 2255, 9176, 6531, 9614, 5329, 4630, 630, 3179, 7558
8907, 9563, 8817, 310, 3044, 2820, 4154, 5331, 4833, 3168
7296, 6412, 2038, 6595, 6027, 6019, 12, 8465, 5608, 2237
9308, 7245, 81, 1458, 4591, 2070, 3338, 1941, 732, 3165
47, 5687, 8941, 9664, 2704, 2410, 6902, 3106, 2729, 2408
888, 5541, 7214, 7731, 8472, 8658, 2131, 4891, 21, 3802
1334, 8339, 5857, 9401, 5739, 3720, 876, 7969, 1974, 6146
2288, 6407, 9728, 7157, 3948, 4494, 121, 440, 7905, 4984
4263, 6636, 7588, 9120, 4193, 3928, 6495, 4396, 1752, 1965
3734, 6736, 2703, 9437, 7405, 3560, 4522, 3518, 3115, 7579
9324, 2021, 490, 2182, 5537, 7997, 635, 3116, 182, 12
7452, 4510, 693, 8613, 597, 4380, 9598, 5449, 9822, 787
9897, 8052, 6996, 9339, 9403, 9178, 5645, 1177, 5331, 7551
5995, 5024, 4407, 6442, 8921, 1998, 3857, 8807, 5344, 8877
7315, 2045, 7653, 3707, 278, 9740, 7595, 6625, 6305, 6894
5409, 9276, 337, 1109, 6494, 3707, 5489, 9443, 9480, 8689
9972, 5900, 1788, 1939, 9686, 6401, 6445, 915, 4121, 6834
7184, 8713, 9097, 1094, 5178, 2029, 6147, 3746, 1028, 8819
3645, 8156, 650, 7289, 4249, 4147, 1178, 9924, 407, 2969
805, 4341, 7105, 5386, 7638, 7524, 7063, 3442, 9872, 6300
6942, 882, 1135, 6975, 7917, 2238, 86, 2966, 5209, 4945
130, 9119, 3669, 8479, 4875, 4002, 6364, 6663, 7462, 8821
7441, 5521, 3485, 1148, 8921, 8435, 2461, 4709, 59, 1166
631, 6526, 7639, 5401, 7309, 724, 495, 8079, 690, 7967
5918, 2748, 6332, 8773, 1930, 7277, 5307, 8075, 2301, 7589
3528, 2716, 8018, 2334, 5067, 6044, 6890, 1556, 4676, 3545
7145, 9177, 111, 736, 1657, 8397, 629, 837, 5863, 2053
779, 9677, 9147, 5962, 9580, 5488, 9007, 3296, 1495, 9929
980, 2654, 3805, 1938, 4752, 2413, 7355, 6283, 6375, 9111
7599, 896, 5903, 4893, 9739, 4811, 5505, 4587, 42, 1464
152, 964, 7002, 3046, 4771, 4388, 5909, 204, 5933, 2886
5633, 6774, 8736, 3736, 3979, 7918, 3047, 8848, 600, 6093
7177, 525, 65, 8151, 8056, 3883, 9277, 2820, 3856, 6781
1636, 777, 2051, 7729, 8669, 2144, 9152, 2373, 969, 8045
7732, 4206, 966, 4665, 5372, 9823, 3795, 5492, 5012, 1033
5069, 317, 7795, 3153, 6770, 6781, 7511, 808, 1344, 2512
6382, 9982, 5883, 8771, 3210, 8058, 8068, 9560, 8118, 4861
5366, 7332, 2347, 2780, 7630, 9531, 608, 7530, 7354, 2772
6901, 9364, 6677, 5806, 8288, 3246, 1509, 4123, 3091, 1265
2114, 8910, 1852, 6669, 5497, 3906, 1203, 5365, 8487, 4590
5467, 3531, 6664, 8049, 5358, 6917, 272, 1782, 1998, 6678
1539, 5534, 120, 8148, 3492, 7332, 254, 8836, 4440, 390
9379, 3413, 4937, 1353, 4897, 7703, 719, 1170, 9403, 4557
645, 6834, 3743, 2774, 8411, 8441, 6281, 6375, 8240, 1150
2678, 3799, 6264, 7163, 701, 6882, 9211, 9713, 8067, 390
5041, 6217, 5278, 8084, 5809, 4120, 9706, 5966, 5516, 3689
1612, 652, 1315, 423, 8090, 604, 6553, 6650, 9180, 4385
2187, 1237, 8338, 688, 4935, 8602, 1230, 5829, 6326, 8323
6129, 2980, 1546, 5248, 3070, 8140, 6969, 2215, 2717, 9899
8354, 4047, 9485, 5410, 1775, 3429, 2990, 8379, 7147, 1954
4972, 481, 8069, 9664, 5806, 103, 2629, 3341, 3039, 8026
3056, 2745, 4138, 1953, 8052, 6152, 3447, 7648, 5551, 9530
6578, 8161, 3497, 7819, 1924, 7201, 620, 3725, 5749, 7629
1119, 4621, 5731, 7047, 135, 4460, 6937, 6677, 7230, 4492
5361, 4714, 2108, 2303, 2879, 4813, 326, 5913, 9449, 5624
8965, 7241, 7999, 8128, 1712, 178, 8494, 730, 2671, 4006
800, 8110, 2247, 5815, 1192, 7776, 9412, 1643, 3971, 7469
554, 1357, 878, 708, 3274, 6537, 3661, 2919, 4958, 3635
116, 2076, 7195, 309, 1869, 3593, 5807, 975, 6884, 2030
7456, 3345, 1648, 7241, 8153, 5976, 2071, 4498, 3371, 8735
932, 1067, 1859, 9873, 5119, 9497, 6923, 1279, 1196, 2306
1778, 4673, 4516, 4734, 8491, 9323, 4975, 5057, 9201, 6657
5729, 1815, 3420, 5691, 4546, 8145, 4598, 725, 5378, 4308
3958, 1595, 9157, 337, 1258, 5736, 8014, 6792, 770, 9770
5272, 2488, 3976, 4316, 9435, 7428, 7756, 9669, 2773, 9256
2470, 2391, 1999, 9186, 580, 5168, 7048, 9115, 1386, 3656
3861, 1184, 9572, 7282, 1205, 4985, 5275, 6338, 5882, 8012
6203, 5236, 2347, 1483, 7235, 6852, 6274, 139, 1589, 8251
6598, 4254, 3842, 188, 6441, 279, 4005, 1808, 7050, 2497
4898, 1410, 7378, 1568, 1414, 9849, 2153, 5594, 1544, 8648
2140, 7160, 4646, 9467, 1144, 8498, 4416, 443, 5015, 4188
2155, 3535, 4434, 3750, 2427, 1777, 4120, 2350, 5893, 1898
6382, 5715, 799, 7673, 8250, 6954, 7580, 7323, 4273, 5564
8005, 9660, 6456, 4059, 2152, 7591, 5165, 5569, 7867, 6935
6918, 3685, 1285, 2799, 5530, 2936, 619, 3514, 1795, 8034
2665, 7962, 5921, 8718, 3904, 6344, 6345, 9611, 8421, 3910
6485, 2664, 9059, 3446, 8038, 3714, 6214, 4219, 8553, 8849
8261, 2428, 161, 2211, 5668, 2826, 7996, 9852, 8117, 9637
7968, 5929, 5999, 6589, 7258, 5016, 2837, 8231, 5654, 721
2444, 8528, 2277, 7435, 8530, 572, 8350, 6207, 5275, 7644
8638, 9846, 8171, 3013, 4043, 2620, 9137, 8087, 1644, 8416
4971, 6567, 2039, 5205, 3252, 8067, 7855, 3822, 1312, 472
3895, 8622, 4517, 2794, 4693, 1811, 443, 137, 2259, 9982
9048, 9111, 8472, 5054, 831, 3244, 3623, 288, 8411, 9155
870, 7682, 3878, 9231, 3487, 5791, 6432, 1958, 3084, 5543
3053, 2047, 6448, 2898, 5490, 2621, 2993, 1783, 4097, 1912
8004, 6118, 153, 9321, 3066, 260, 9753, 9232, 4256, 2163
3312, 5488, 1505, 9883, 8636, 2426, 1258, 852, 227, 2983
4226, 221, 3405, 1724, 7510, 6274, 2601, 1780, 4121, 8967
6902, 9017, 4863, 2264, 7315, 9626, 2600, 1431, 6216, 4930
8004, 9512, 8748, 5937, 9830, 9467, 8326, 4591, 5586, 1370
1825, 2839, 8047, 9920, 3931, 7604, 8104, 2090, 6545, 3747
8746, 8530, 8122, 5017, 45, 8920, 3958, 4461, 562, 4143
814, 8248, 688, 9456, 6752, 5805, 1775, 8603, 4955, 6009
1192, 8773, 1348, 590, 7528, 3563, 71, 2316, 8873, 6488
226, 8007, 2909, 6361, 1450, 9038, 3236, 5014, 2706, 300
1124, 9876, 2238, 2000, 9653, 4734, 4311, 3367, 2494, 7736
7815, 7158, 8588, 5328, 734, 8750, 8311, 4650, 8561, 9274
3865, 5791, 4861, 1822, 8795, 4843, 3472, 2958, 7478, 3693
6052, 6531, 156, 6330, 6130, 1137, 9856, 1730, 8771, 7941
6177, 420, 7610, 9519, 3172, 4879, 8603, 3309, 4169, 3359
9742, 1377, 5079, 6146, 8189, 4992, 1260, 345, 2292, 6738
3550, 9823, 7361, 9773, 611, 1477, 5250, 5733, 5992, 6876
1090, 6431, 2227, 2541, 2952, 7215, 9829, 5147, 8383, 2136
578, 9169, 6745, 254, 6497, 9428, 8107, 6419, 8416, 8747
4804, 4807, 890, 1299, 4413, 4735, 4980, 4802, 2607, 9913
7305, 4245, 7860, 9773, 2139, 5650, 2461, 5735, 5406, 2741
4963, 3535, 6164, 6599, 6983, 8699, 386, 7729, 9307, 3929
6102, 2358, 820, 3293, 9802, 629, 7529, 4397, 1669, 7580
5748, 5044, 271, 3298, 7377, 1132, 8644, 7568, 7149, 550
5405, 6536, 9861, 8050, 7360, 8298, 8099, 1352, 9513, 6226
5980, 9322, 5615, 216, 373, 4716, 3383, 8768, 521, 4875
4501, 4474, 1051, 1705, 7411, 6250, 1306, 6634, 986, 8629
316, 5345, 5637, 3454, 8769, 1772, 4381, 7559, 5229, 3978
412, 8727, 2040, 6407, 6396, 604, 8002, 1165, 2402, 7703
4064, 5446, 5947, 9010, 1922, 9562, 7105, 3044, 9066, 7928
7991, 7854, 3891, 2415, 5874, 2143, 209, 5497, 9905, 5057
5651, 9799, 1101, 6804, 1749, 3981, 4682, 252, 5203, 994
4886, 7629, 4826, 4159, 962, 3726, 8853, 753, 5012, 8873
7320, 678, 5248, 7722, 3748, 9823, 3652, 1183, 7955, 3340
8624, 4787, 746, 9606, 7738, 1758, 813, 5394, 1546, 9624
9077, 3639, 2981, 8597, 8791, 4706, 6387, 3389, 2860, 9122
5258, 6169, 4132, 3909, 2413, 3988, 9262, 9469, 3448, 9740
2417, 7576, 5812, 9209, 941, 8678, 6533, 4955, 6998, 2144
4409, 3122, 8170, 963, 5141, 658, 299, 3701, 7002, 9424
9039, 2497, 9615, 1225, 45, 9158, 4231, 3609, 7456, 824
1465, 5949, 4762, 8337, 2446, 7320, 2783, 7826, 9395, 94
8340, 800, 1150, 4606, 6410, 236, 9849, 9463, 1543, 7740
313, 7078, 9532, 5869, 9162, 6676, 9138, 8305, 1381, 1315
9171, 7921, 884, 5773, 7003, 5397, 2773, 5215, 3559, 5392
3227, 1060, 6464, 3869, 8421, 8340, 366, 570, 3223, 6882
6395, 5232, 3840, 2266, 9714, 3848, 7773, 2129, 1153, 5136
6835, 6913, 8873, 5010, 686, 3659, 3011, 2689, 7875, 9285
4183, 7999, 539, 4347, 7753, 2944, 7220, 8432, 131, 1834
7207, 5247, 3676, 2950, 7890, 2943, 642, 6140, 5977, 2389
4691, 448, 5757, 8866, 1103, 326, 3134, 1441, 5340, 8134
2395, 8322, 9658, 6377, 1027, 347, 6586, 1051, 982, 4078
6801, 7703, 9248, 7062, 7967, 827, 6897, 5780, 9066, 2518
1943, 8403, 349, 936, 2722, 5796, 7538, 4982, 3747, 5556
126, 7475, 901, 6438, 3291, 95, 3603, 6243, 273, 9416
6891, 1458, 9216, 7904, 4043, 1496, 2741, 9244, 7340, 3829
1115, 7185, 2889, 9123, 5911, 6191, 566, 1131, 1536, 9160
2718, 3472, 4301, 9124, 5579, 1763, 5453, 3332, 4314, 109
5290, 3501, 4195, 4517, 8395, 4285, 7475, 8385, 9873, 7087
6089, 1617, 5168, 2459, 7732, 9578, 5462, 9954, 5967, 6892
7731, 2666, 9766, 4901, 2410, 8758, 9689, 555, 8309, 6839
6699, 4327, 1915, 5231, 8896, 8106, 2319, 3071, 1090, 6936
